0.45389384
0.47326463
0.47326463
0.49918136
0.5121433
0.4121723
0.45983505
0.5023162
0.49404177
0.48305514
0.5064449
0.4980249
0.4662868
0.49854466
0.5006988
0.5039761
0.50786775
0.5058532
0.4387117
0.5063316
0.4595446
0.48781136
0.4872586
0.4852308
0.50552917
0.43803173
0.50912
0.52108073
0.50717336
0.4755195
0.4864714
0.4864714
0.47525844
0.434835
0.47253215
0.47858888
0.48513073
0.48513073
0.48412612
0.49283317
0.50361806
0.44659552
0.49719426
0.49026656
0.49703625
0.4835364
0.5266556
0.46584347
0.49959227
0.4770215
0.5047909
0.4681679
0.49983793
0.4968694
0.49207065
0.50575525
0.45476845
0.51280266
0.51280266
0.49708515
0.51528
0.51528
0.5036792
0.52742296
0.49289712
0.51832116
0.49457335
0.5167491
0.5125328
0.4910355
0.4910355
0.5236382
0.49570188
0.4962092
0.5204689
0.49048144
0.47282773
0.4537775
0.4537775
0.50083715
0.49005678
0.49011865
0.5140308
0.48155808
0.5141638
0.48567918
0.49050444
0.514744
0.4985283
0.50927234
0.535301
0.502187
0.5125361
0.5125361
0.5274456
0.5299469
0.5299676
0.4746996
0.50716805
0.527526